52800179722652969
158400539167958908
79200269583979454
39600134791989727
118800404375969182
59400202187984591
178200606563953774
89100303281976887
267300909845930662
133650454922965331
400951364768895994
200475682384447997
601427047153343992
300713523576671996
150356761788335998
75178380894167999
225535142682503998
112767571341251999
338302714023755998
169151357011877999
507454071035633998
253727035517816999
761181106553450998
380590553276725499
1141771659830176498
570885829915088249
1712657489745264748
856328744872632374
428164372436316187
1284493117308948562
642246558654474281
1926739675963422844
963369837981711422
481684918990855711
1445054756972567134
722527378486283567
2167582135458850702
1083791067729425351
3251373203188276054
1625686601594138027
4877059804782414082
2438529902391207041
7315589707173621124
3657794853586810562
1828897426793405281
5486692280380215844
2743346140190107922
1371673070095053961
4115019210285161884
2057509605142580942
1028754802571290471
3086264407713871414
1543132203856935707
4629396611570807122
2314698305785403561
6944094917356210684
3472047458678105342
1736023729339052671
5208071188017158014
2604035594008579007
7812106782025737022
3906053391012868511
11718160173038605534
5859080086519302767
17577240259557908302
8788620129778954151
26365860389336862454
13182930194668431227
39548790584005293682
19774395292002646841
59323185876007940524
29661592938003970262
14830796469001985131
44492389407005955394
22246194703502977697
66738584110508933092
33369292055254466546
16684646027627233273
50053938082881699820
25026969041440849910
12513484520720424955
37540453562161274866
18770226781080637433
56310680343241912300
28155340171620956150
14077670085810478075
42233010257431434226
21116505128715717113
63349515386147151340
31674757693073575670
15837378846536787835
47512136539610363506
23756068269805181753
71268204809415545260
35634102404707772630
17817051202353886315
53451153607061658946
26725576803530829473
80176730410592488420
40088365205296244210
20044182602648122105
60132547807944366316
30066273903972183158
15033136951986091579
45099410855958274738
22549705427979137369
67649116283937412108
33824558141968706054
16912279070984353027
50736837212953059082
25368418606476529541
76105255819429588624
38052627909714794312
19026313954857397156
9513156977428698578
4756578488714349289
14269735466143047868
7134867733071523934
3567433866535761967
10702301599607285902
5351150799803642951
16053452399410928854
8026726199705464427
24080178599116393282
12040089299558196641
36120267898674589924
18060133949337294962
9030066974668647481
27090200924005942444
13545100462002971222
6772550231001485611
20317650693004456834
10158825346502228417
30476476039506685252
15238238019753342626
7619119009876671313
22857357029630013940
11428678514815006970
5714339257407503485
17143017772222510456
8571508886111255228
4285754443055627614
2142877221527813807
6428631664583441422
3214315832291720711
9642947496875162134
4821473748437581067
14464421245312743202
7232210622656371601
21696631867969114804
10848315933984557402
5424157966992278701
16272473900976836104
8136236950488418052
4068118475244209026
2034059237622104513
6102177712866313540
3051088856433156770
1525544428216578385
4576633284649735156
2288316642324867578
1144158321162433789
3432474963487301368
1716237481743650684
858118740871825342
429059370435912671
1287178111307738014
643589055653869007
1930767166961607022
965383583480803511
2896150750442410534
1448075375221205267
4344226125663615802
2172113062831807901
6516339188495423704
3258169594247711852
1629084797123855926
814542398561927963
2443627195685783890
1221813597842891945
3665440793528675836
1832720396764337918
916360198382168959
2749080595146506878
1374540297573253439
4123620892719760318
2061810446359880159
6185431339079640478
3092715669539820239
9278147008619460718
4639073504309730359
13917220512929191078
6958610256464595539
20875830769393786618
10437915384696893309
31313746154090679928
15656873077045339964
7828436538522669982
3914218269261334991
11742654807784004974
5871327403892002487
17613982211676007462
8806991105838003731
26420973317514011194
13210486658757005597
39631459976271016792
19815729988135508396
9907864994067754198
4953932497033877099
14861797491101631298
7430898745550815649
22292696236652446948
11146348118326223474
5573174059163111737
16719522177489335212
8359761088744667606
4179880544372333803
12539641633117001410
6269820816558500705
18809462449675502116
9404731224837751058
4702365612418875529
14107096837256626588
7053548418628313294
3526774209314156647
10580322627942469942
5290161313971234971
15870483941913704914
7935241970956852457
23805725912870557372
11902862956435278686
5951431478217639343
17854294434652918030
8927147217326459015
26781441651979377046
13390720825989688523
40172162477969065570
20086081238984532785
60258243716953598356
30129121858476799178
15064560929238399589
45193682787715198768
22596841393857599384
11298420696928799692
5649210348464399846
2824605174232199923
8473815522696599770
4236907761348299885
12710723284044899656
6355361642022449828
3177680821011224914
1588840410505612457
4766521231516837372
2383260615758418686
1191630307879209343
3574890923637628030
1787445461818814015
5362336385456442046
2681168192728221023
8043504578184663070
4021752289092331535
12065256867276994606
6032628433638497303
18097885300915491910
9048942650457745955
27146827951373237866
13573413975686618933
40720241927059856800
20360120963529928400
10180060481764964200
5090030240882482100
2545015120441241050
1272507560220620525
3817522680661861576
1908761340330930788
954380670165465394
477190335082732697
1431571005248198092
715785502624099046
357892751312049523
1073678253936148570
536839126968074285
1610517380904222856
805258690452111428
402629345226055714
201314672613027857
603944017839083572
301972008919541786
150986004459770893
452958013379312680
226479006689656340
113239503344828170
56619751672414085
169859255017242256
84929627508621128
42464813754310564
21232406877155282
10616203438577641
31848610315732924
15924305157866462
7962152578933231
23886457736799694
11943228868399847
35829686605199542
17914843302599771
53744529907799314
26872264953899657
80616794861698972
40308397430849486
20154198715424743
60462596146274230
30231298073137115
90693894219411346
45346947109705673
136040841329117020
68020420664558510
34010210332279255
102030630996837766
51015315498418883
153045946495256650
76522973247628325
229568919742884976
114784459871442488
57392229935721244
28696114967860622
14348057483930311
43044172451790934
21522086225895467
64566258677686402
32283129338843201
96849388016529604
48424694008264802
24212347004132401
72637041012397204
36318520506198602
18159260253099301
54477780759297904
27238890379648952
13619445189824476
6809722594912238
3404861297456119
10214583892368358
5107291946184179
15321875838552538
7660937919276269
22982813757828808
11491406878914404
5745703439457202
2872851719728601
8618555159185804
4309277579592902
2154638789796451
6463916369389354
3231958184694677
9695874554084032
4847937277042016
2423968638521008
1211984319260504
605992159630252
302996079815126
151498039907563
454494119722690
227247059861345
681741179584036
340870589792018
170435294896009
511305884688028
255652942344014
127826471172007
383479413516022
191739706758011
575219120274034
287609560137017
862828680411052
431414340205526
215707170102763
647121510308290
323560755154145
970682265462436
485341132731218
242670566365609
728011699096828
364005849548414
182002924774207
546008774322622
273004387161311
819013161483934
409506580741967
1228519742225902
614259871112951
1842779613338854
921389806669427
2764169420008282
1382084710004141
4146254130012424
2073127065006212
1036563532503106
518281766251553
1554845298754660
777422649377330
388711324688665
1166133974065996
583066987032998
291533493516499
874600480549498
437300240274749
1311900720824248
655950360412124
327975180206062
163987590103031
491962770309094
245981385154547
737944155463642
368972077731821
1106916233195464
553458116597732
276729058298866
138364529149433
415093587448300
207546793724150
103773396862075
311320190586226
155660095293113
466980285879340
233490142939670
116745071469835
350235214409506
175117607204753
525352821614260
262676410807130
131338205403565
394014616210696
197007308105348
98503654052674
49251827026337
147755481079012
73877740539506
36938870269753
110816610809260
55408305404630
27704152702315
83112458106946
41556229053473
124668687160420
62334343580210
31167171790105
93501515370316
46750757685158
23375378842579
70126136527738
35063068263869
105189204791608
52594602395804
26297301197902
13148650598951
39445951796854
19722975898427
59168927695282
29584463847641
88753391542924
44376695771462
22188347885731
66565043657194
33282521828597
99847565485792
49923782742896
24961891371448
12480945685724
6240472842862
3120236421431
9360709264294
4680354632147
14041063896442
7020531948221
21061595844664
10530797922332
5265398961166
2632699480583
7898098441750
3949049220875
11847147662626
5923573831313
17770721493940
8885360746970
4442680373485
13328041120456
6664020560228
3332010280114
1666005140057
4998015420172
2499007710086
1249503855043
3748511565130
1874255782565
5622767347696
2811383673848
1405691836924
702845918462
351422959231
1054268877694
527134438847
1581403316542
790701658271
2372104974814
1186052487407
3558157462222
1779078731111
5337236193334
2668618096667
8005854290002
4002927145001
12008781435004
6004390717502
3002195358751
9006586076254
4503293038127
13509879114382
6754939557191
20264818671574
10132409335787
30397228007362
15198614003681
45595842011044
22797921005522
11398960502761
34196881508284
17098440754142
8549220377071
25647661131214
12823830565607
38471491696822
19235745848411
57707237545234
28853618772617
86560856317852
43280428158926
21640214079463
64920642238390
32460321119195
97380963357586
48690481678793
146071445036380
73035722518190
36517861259095
109553583777286
54776791888643
164330375665930
82165187832965
246495563498896
123247781749448
61623890874724
30811945437362
15405972718681
46217918156044
23108959078022
11554479539011
34663438617034
17331719308517
51995157925552
25997578962776
12998789481388
6499394740694
3249697370347
9749092111042
4874546055521
14623638166564
7311819083282
3655909541641
10967728624924
5483864312462
2741932156231
8225796468694
4112898234347
12338694703042
6169347351521
18508042054564
9254021027282
4627010513641
13881031540924
6940515770462
3470257885231
10410773655694
5205386827847
15616160483542
7808080241771
23424240725314
11712120362657
35136361087972
17568180543986
8784090271993
26352270815980
13176135407990
6588067703995
19764203111986
9882101555993
29646304667980
14823152333990
7411576166995
22234728500986
11117364250493
33352092751480
16676046375740
8338023187870
4169011593935
12507034781806
6253517390903
18760552172710
9380276086355
28140828259066
14070414129533
42211242388600
21105621194300
10552810597150
5276405298575
15829215895726
7914607947863
23743823843590
11871911921795
35615735765386
17807867882693
53423603648080
26711801824040
13355900912020
6677950456010
3338975228005
10016925684016
5008462842008
2504231421004
1252115710502
626057855251
1878173565754
939086782877
2817260348632
1408630174316
704315087158
352157543579
1056472630738
528236315369
1584708946108
792354473054
396177236527
1188531709582
594265854791
1782797564374
891398782187
2674196346562
1337098173281
4011294519844
2005647259922
1002823629961
3008470889884
1504235444942
752117722471
2256353167414
1128176583707
3384529751122
1692264875561
5076794626684
2538397313342
1269198656671
3807595970014
1903797985007
5711393955022
2855696977511
8567090932534
4283545466267
12850636398802
6425318199401
19275954598204
9637977299102
4818988649551
14456965948654
7228482974327
21685448922982
10842724461491
32528173384474
16264086692237
48792260076712
24396130038356
12198065019178
6099032509589
18297097528768
9148548764384
4574274382192
2287137191096
1143568595548
571784297774
285892148887
857676446662
428838223331
1286514669994
643257334997
1929772004992
964886002496
482443001248
241221500624
120610750312
60305375156
30152687578
15076343789
45229031368
22614515684
11307257842
5653628921
16960886764
8480443382
4240221691
12720665074
6360332537
19080997612
9540498806
4770249403
14310748210
7155374105
21466122316
10733061158
5366530579
16099591738
8049795869
24149387608
12074693804
6037346902
3018673451
9056020354
4528010177
13584030532
6792015266
3396007633
10188022900
5094011450
2547005725
7641017176
3820508588
1910254294
955127147
2865381442
1432690721
4298072164
2149036082
1074518041
3223554124
1611777062
805888531
2417665594
1208832797
3626498392
1813249196
906624598
453312299
1359936898
679968449
2039905348
1019952674
509976337
1529929012
764964506
382482253
1147446760
573723380
286861690
143430845
430292536
215146268
107573134
53786567
161359702
80679851
242039554
121019777
363059332
181529666
90764833
272294500
136147250
68073625
204220876
102110438
51055219
153165658
76582829
229748488
114874244
57437122
28718561
86155684
43077842
21538921
64616764
32308382
16154191
48462574
24231287
72693862
36346931
109040794
54520397
163561192
81780596
40890298
20445149
61335448
30667724
15333862
7666931
23000794
11500397
34501192
17250596
8625298
4312649
12937948
6468974
3234487
9703462
4851731
14555194
7277597
21832792
10916396
5458198
2729099
8187298
4093649
12280948
6140474
3070237
9210712
4605356
2302678
1151339
3454018
1727009
5181028
2590514
1295257
3885772
1942886
971443
2914330
1457165
4371496
2185748
1092874
546437
1639312
819656
409828
204914
102457
307372
153686
76843
230530
115265
345796
172898
86449
259348
129674
64837
194512
97256
48628
24314
12157
36472
18236
9118
4559
13678
6839
20518
10259
30778
15389
46168
23084
11542
5771
17314
8657
25972
12986
6493
19480
9740
4870
2435
7306
3653
10960
5480
2740
1370
685
2056
1028
514
257
772
386
193
580
290
145
436
218
109
328
164
82
41
124
62
31
94
47
142
71
214
107
322
161
484
242
121
364
182
91
274
137
412
206
103
310
155
466
233
700
350
175
526
263
790
395
1186
593
1780
890
445
1336
668
334
167
502
251
754
377
1132
566
283
850
425
1276
638
319
958
479
1438
719
2158
1079
3238
1619
4858
2429
7288
3644
1822
911
2734
1367
4102
2051
6154
3077
9232
4616
2308
1154
577
1732
866
433
1300
650
325
976
488
244
122
61
184
92
46
23
70
35
106
53
160
80
40
20
10
5
16
8
4
2
1